1000228
1000697
1001082
1001250
1002047
1002910
100493
1004980
100517
100885
1012100
1013237
1013462
1013871
1014473
1015780
101778
101829
1018724
1020569
1021860
1022079
1022671
1024305
1024478
1031296
1032208
103379
1034054
1035002
1035267
1035443
1037038
1037540
1037646
1037868
1038357
1039684
1040971
1041061
104169
1043277
1043604
10456
1045609
1045810
1047122
1047862
1048286
1048695
1048911
1050915
1051470
1053507
1057352
105770
1058090
1058290
1059556
1060391
106040
1063761
1065088
1065280
106535
1065696
106640
1067701
1067983
1069183
1069202
1070750
1071739
107263
1075531
107815
10795
1086222
1090012
1090727
1090872
1091667
109198
1093557
109380
1094285
1095073
1097149
1097864
1099219
1099800
1100682
1101215
1101239
1103982
1108524
1109357
1110803
1111711
1111928
1113169
1116132
1120193
1121788
1123360
1126328
1130310
1132979
1133421
1136869
1136893
1137774
1137789
1138118
1140536
1140859
1141391
1145197
11544
1156039
1156375
1158449
1163165
1164727
1166691
1168054
1170010
1174922
1175454
1179929
12208
1260221
1262039
12659
1267238
1274494
1278021
1280452
1281761
1283699
1285785
1286681
1288784
1289490
12927
1297996
1300514
1306830
1316835
1318605
1321655
1324404
1324424
1326160
1326801
1327567
1327811
1335258
1336917
1336920
1341439
1352010
1358071
1359841
1365135
1370637
1373715
1374310
1375365
1378946
1383312
1385157
1389170
1390777
1393311
1393612
1393818
1396009
1397187
1402057
1403161
1403568
1404912
1408198
1410636
1413329
1413447
1418091
1418135
1419612
14272
1437107
1442145
1463101
1466258
1467373
1467858
14693
1474735
1478242
1489393
1492633
1501585
1506307
1510295
1513761
1519751
1521332
1524472
1530721
1534701
1535527
1539838
1543151
1551152
1551182
1555280
1559720
1564708
1571949
1571996
1578845
1579241
1585364
1585689
1590895
1590955
1596532
1596783
1598014
1601046
1601712
1604778
1609711
1613103
1618921
1633917
1637459
1645590
1652044
1659166
1666700
16732
1679273
1681459
1682852
1687229
1688568
16918
1692819
1701605
1705696
1707925
1711269
1725057
1730168
1732845
1739940
1744489
1748790
1751788
1754301
1755672
1757898
1770450
1781335
1783180
1786842
1792044
1800
1811074
1821825
18230
1841666
1858681
1868275
18926
1915657
1932393
1944048
19617
1964738
1967680
1996810
1996862
200406
2005951
2011286
2012383
202058
20286
203527
21076
21344
21665
217346
23217
24545
24741
2488
26172
27419
277135
277948
27904
28412
29534
2969
29905
29989
30625
310158
310764
313616
313927
31462
315189
315213
315293
316709
31791
318154
319201
320187
320193
320335
32604
33185
33213
34088
34903
352541
352915
354190
354908
354950
35527
36104
36270
37785
37996
38777
39911
40533
40545
40704
40987
4127
4281
4447
45012
46080
46765
47111
47217
48465
48898
4904
49071
49196
4962
4977
49826
50863
51143
51253
51434
51644
5272
52988
54480
55067
5513
55785
56873
58492
59478
59558
60086
60667
6201
62709
6281
62996
63754
63908
64040
64803
65984
66740
68505
6951
701985
702165
707549
7084
70858
711404
712515
713676
715957
718877
719739
720005
721371
72207
723125
723254
72331
72333
723531
726728
72741
728535
72903
72971
73124
731766
731802
732712
732717
73309
740260
74208
743316
743988
745732
746515
749251
753308
75362
75677
759944
76334
764180
764478
764622
765880
766421
766704
769397
77360
773840
77476
779152
78003
78239
783280
788784
789019
789570
79282
793952
794367
796343
797468
798354
79879
80424
804328
804753
80661
811156
813672
813828
814453
814547
815094
815097
815556
818479
820027
820313
821189
822416
823768
827052
827054
829224
831001
831259
832101
833444
842023
84839
849399
851968
857005
858470
858877
859737
860730
860731
86312
864749
865752
866787
8670
872589
87347
874716
874761
874766
875045
875320
877212
877890
878927
879101
879169
8818
882095
882184
882835
883241
884887
885639
885725
886982
891103
895421
896159
896878
89800
898173
898293
899051
899689
899866
900075
906107
906163
906345
908255
909832
910521
910606
91142
912595
91419
914208
91440
915389
91576
915912
915913
916076
916365
920148
920522
920760
92122
921738
922224
92230
922621
922864
92380
927066
927628
927653
93410
93556
935703
936340
936468
93751
9389
940944
943452
943819
945841
946581
947484
96021
96943
97210
97476
97745
98246
